303682
532497
10903275
959147
9505
11626792
9060690
9261711
13502551
9696778
10351682
3859887
3788999
676107
9167777
3918474
11080150
4774319
9662316
4270261
369247
3961369
429532
9621454
95427
4186146
683762
4738341
464109
10508839
13222302
1009607
402058
14058457
9111641
4700797
1364573
3920459
679710
1028607
1195189
2341962
3792033
687857
4609403
1370349
9640142
154991
9997445
11669627
13809567
9479071
9248967
4469535
6383098
3921987
9521135
551996
5228328
3769919
3950072
10201458
9972873
11539451
1473866
9965882
184282
10017791
9102538
10971362
681489
4051385
1092205
9133885
9606991
1523191
10597102
4818705
4882089
3568707
11980488
736839
802275
3744882
11270958
11394822
11470328
11213575
1288009
1239715
9663908
13808584
5446340
954813
120497
9485675
4685648
10005232
10837037
11536257
720941
285082
4422616
10186200
794717
14051997
774603
4002392
9251891
10843921
4978533
9125701
9692779
48523
1049322
55062
380155
112222
7440
4504437
9944671
9284044
35018
4031511
7101956
10284571
9757313
13755977
4604920
123208
429539
9309392
925579
4738342
663987
4721679
1167574
9499
13755742
3779321
4398213
4740231
10925003
10561862
552094
13194551
3869373
5070260
646294
9678724
939453
980627
10164574
1094423
10193735
1110787
3908215
379299
10843923
15380
13066434
340719
9647883
682495
9101741
60813
959718
4697802
27107
9151050
3680878
425828
9683909
4713024
3785570
10514814
93113
9605734
434661
5005014
565512
7176671
997055
5169771
9109385
1071109
58630
11134936
9463669
10078748
9389455
9642833
9419452
11546904
9690351
10001128
3929140
19409
10181044
252243
11117574
406323
147245
2353166
3852549
9142727
762867
4711482
784343
9727373
4249633
4886672
10275752
524910
14344924
10038011
4413738
1209092
9194903
1374932
9421192
419557
9759716
9412373
3906628
9729483
10105197
9962233
14987
4739043
252249
9953918
652735
10346388
4916705
9050379
852338
11804378
4677655
11142969
1094028
4324571
10236111
4794787
329510
6259100
1225233
9942601
1186368
5329968
9336615
10011554
10757352
5143105
13083411
748573
13802275
9315193
231724
10061437
431266
524908
3951829
10151654
303639
3780602
13928451
329505
4453627
6158185
5014927
103469
9618001
10224533
10257235
9135998
9161791
239095
1342241
10269043
285080
7833205
10201372
89079
9617212
783980
10940984
11482753
433612
4766160
1167595
275061
9942032
4100505
14125260
4016160
1167659
9624095
1141080
10489135
10837032
3809174
314861
10095848
14076694
4697801
460977
11981864
782673
9403280
5133167
3769914
10285045
4980157
998449
