10023569
10030413
10048650
10057112
10071923
10074391
1008874
10119
101488
10178588
1021018
102635
10267504
10272014
10278781
1029161
1033807
10389546
10414735
10460577
10461284
10464296
10477594
10514579
10524156
10525045
10525233
10563630
10565631
10581378
10582584
1059530
10599039
10606830
10631238
10633510
107722
10795381
10814222
10844303
1084549
10901561
10924972
10946910
10950133
11034828
11052867
11108002
11134936
11134938
11204787
11227602
11275613
11277694
11338040
11394824
11418806
1142421
11485543
11556066
11570239
11628441
11631791
11638887
11639816
1168781
11701167
11708130
11714006
11782911
11788753
11792499
11796084
11798933
11807460
11820997
11841922
11848994
11850677
11858468
11876537
1194809
12003689
12102
1217973
1225527
1227358
1229683
1229684
1244480
125048
13023730
13059029
13059042
13059044
13059085
13059932
13060390
13060588
13060664
13060669
13060679
13061595
13061601
13061707
13061804
13061989
13062121
13062191
13062406
13062852
13063481
13063612
13063697
13064160
13064296
13064442
13064535
13064730
13109
13190545
13240315
13395437
13505677
13526048
13526913
13530223
13534577
13545447
13778833
14005258
14265822
14316716
14316718
1495443
16381
16387
16706
1708355
178204
178963
183
1833006
1845167
204586
21580
21587
239996
251909
254899
259989
259993
275063
279164
280273
285729
285980
293077
300908
309782
310161
32784
3311689
334718
336149
341457
355688
3598588
3599703
3603843
3604050
3606160
3611227
3613072
3676187
3713227
375779
37588
3763098
3766621
377510
377638
3781026
3801417
380379
380451
380453
3822664
3884003
3894952
3911283
3917596
3922783
3942651
3944939
3951262
3953179
39868
399111
4001084
4030772
4036152
40426
4061779
4095236
4162302
4185403
4219664
4221270
4234260
4260406
4265928
4266814
4281337
4284206
4284207
4284212
4295146
4311242
431669
4326312
4332137
4332212
4335483
4336366
4339859
4340570
4343151
4358143
4358470
4363952
4376929
4381793
4382315
4390411
43917
4400590
4411833
4419686
4422416
4435465
4436943
4440031
4442736
4447492
4469495
4478865
4484921
4493351
4499757
4503664
4513151
4530378
4535840
4539766
4587855
4590503
4606619
4610235
4610321
4614551
4620314
4629357
4634522
464366
4644604
4644622
4688448
4750029
4762660
4786762
4859597
488626
494956
4983102
500235
503869
506497
5125677
51476
5170182
5208196
5215473
527600
534480
54303
54487
554346
555734
5643999
5664663
571354
5808407
583335
589031
5930084
5935869
593939
597001
598819
599990
6009841
611826
6153556
6158247
62822
62825
6330602
634472
638237
650974
66974
66979
6713423
6746528
677475
680590
681261
681303
68146
690695
696215
69736
7029529
704848
706774
70733
7111844
7176668
72036
7243680
7273113
73158
734068
7345863
7385442
740593
7461370
752964
769309
7718394
7728513
7819090
7821111
7827690
7834486
7839955
796357
812969
812974
8158094
8185170
823225
825446
825450
84940
858389
86329
864474
87487
882702
886716
89015
9019192
9035229
9061374
9063415
9090671
9096332
9098176
9098177
91138
9123640
9128408
91382
91574
91646
9172289
92127
9228586
9319344
9324907
9331037
9337434
9337801
9357379
9392629
9413558
9415986
9450256
9452474
9466892
9524697
9524701
95405
9589313
95980
9598425
9605532
9614136
9629719
9630659
963138
9638439
96472
9650811
9678834
9693036
9703157
9748009
97953
979879
983936
9848499
9899579
9900214
9919614
9919962
9920535
9933391
9934456
9940239
9942031
9944113
9947418
